27 -1 -1 -1 55 19 -1 30 -1 -1 -1 -1 -1  0 -1 -1 -1 -1 -1 -1 -1 -1 -1 -1
-1 -1  0 -1  1 -1 70 -1 47 -1 62 -1 -1  0  0 -1 -1 -1 -1 -1 -1 -1 -1 -1
-1 -1 41 -1 -1 -1 44 -1 -1 59 60 25 -1 -1  0  0 -1 -1 -1 -1 -1 -1 -1 -1
16 77 -1 -1 -1  5 -1 48 -1 -1 -1 -1 -1 -1 -1  0  0 -1 -1 -1 -1 -1 -1 -1
-1 -1 -1 45 -1 27 -1 46 19 -1 -1 -1 -1 -1 -1 -1  0  0 -1 -1 -1 -1 -1 -1
-1 -1 63 -1 -1 -1 55 -1 -1 -1 48 26 10 -1 -1 -1 -1  0  0 -1 -1 -1 -1 -1
-1 -1 -1 42 -1 21 -1 58 -1 41 -1 -1 -1 -1 -1 -1 -1 -1  0  0 -1 -1 -1 -1
-1 -1 -1 -1 78  0 -1  7 52 -1 -1 -1 -1 -1 -1 -1 -1 -1 -1  0  0 -1 -1 -1
-1 29  9 -1 -1 -1 37 -1 -1 -1 35 21 -1 -1 -1 -1 -1 -1 -1 -1  0  0 -1 -1
-1 -1 22 72 -1 -1 47 -1 -1 -1  0 -1 -1 -1 -1 -1 -1 -1 -1 -1 -1  0  0 -1
35 -1 -1 -1 -1 13 -1 35 -1 70 -1 -1  0 -1 -1 -1 -1 -1 -1 -1 -1 -1  0  0
-1 46 28 -1 -1 -1 38 -1 -1 -1  8 -1 10 58 -1 -1 -1 -1 -1 -1 -1 -1 -1  0
