 -1  34   0  -1  -1 -1  -1  94  -1  67  -1  -1 -1  -1 -1 -1 -1 -1 -1 -1 -1 -1 -1 -1
 -1  -1  -1  -1 281 -1  -1   0  -1  -1 264  -1  0  -1  0 -1 -1 -1 -1 -1 -1 -1 -1 -1
 51  95   0  -1  15  1  -1  -1 297 120 303 312 -1  -1  0  0 -1 -1 -1 -1 -1 -1 -1 -1
 -1  -1  -1  -1  -1 -1 306  -1  -1  -1  -1  -1  0  -1 -1  0  0 -1 -1 -1 -1 -1 -1 -1
 -1 279  -1  -1  -1 -1  -1  -1  -1 121   8  -1 -1  -1 -1 -1  0  0 -1 -1 -1 -1 -1 -1
163  -1  -1  22  -1 -1  86 223 314  -1  -1  -1 -1  -1 -1 -1 -1  0  0 -1 -1 -1 -1 -1
 -1  -1  -1 152  -1 -1 185  -1  -1  -1 185 100 -1  -1 -1 -1 -1 -1  0  0 -1 -1 -1 -1
 -1  -1 134  -1  -1 -1  -1 225  -1  -1  -1  -1 -1  -1 -1 -1 -1 -1 -1  0  0 -1 -1 -1
 46  -1 356  57 340 46  24 325  -1  -1  -1  -1 33   0 -1 -1 -1 -1 -1 -1  0  0 -1 -1
 -1 248 275 124  -1 -1  -1  -1  59 161 138 144 -1  -1 -1 -1 -1 -1 -1 -1 -1  0  0 -1
 -1  -1  -1  -1  99 -1  -1  -1  -1  -1  -1  -1 -1  33 -1 -1 -1 -1 -1 -1 -1 -1  0  0
 -1  -1  27 290 336 -1  -1  -1  -1 303  -1 307 -1 166 -1 -1 -1 -1 -1 -1 -1 -1 -1  0
